Type+	os+	Type-	os-	R0(A)	b	cn	R_cutoff(A)
Ag	1	As	-3	2.26827	0.352	2.8	6.5
Ag	1	Br	-1	2.03699	0.47	5	5.5
Ag	1	Cl	-1	1.98819	0.429	5.66667	5
Ag	1	F	-1	1.52952	0.498	8	5
Ag	1	I	-1	2.08036	0.53	4	6
Ag	1	O	-2	1.78239	0.394	4.39844	5
Ag	1	Ox	-2	1.78239	0.394	4.39844	5
Ag	1	P	-3	2.18396	0.377	3	6.5
Ag	1	S	-2	2.11006	0.365	3.56863	5
Ag	1	Se	-2	2.17409	0.385	4.30769	5
Ag	1	Te	-2	2.34487	0.42	3.90909	5
Ag	2	F	-1	1.58641	0.509	6.25	5.5
Ag	2	O	-2	1.72209	0.501	5	5.5
Ag	2	Ox	-2	1.72209	0.501	5	5.5
Ag	3	F	-1	1.71485	0.452	4.5	5.5
Ag	3	O	-2	1.82845	0.444	4.75	5.5
Ag	3	Ox	-2	1.82845	0.444	4.75	5.5
Al	3	As	-3	2.36642	0.495	3.88889	6.5
Al	3	Br	-1	2.04045	0.687	4	7
Al	3	Cl	-1	1.89606	0.646	4	6.5
Al	3	F	-1	1.4197	0.519	6	5.5
Al	3	H	-1	1.25071	0.543	6	5.5
Al	3	D	-1	1.25071	0.543	6	5.5
Al	3	I	-1	2.24648	0.747	4	7
Al	3	N	-3	1.69082	0.511	4	6
Al	3	O	-2	1.59901	0.424	5.32692	5
Al	3	Ox	-2	1.59901	0.424	5.32692	5
Al	3	P	-3	2.30547	0.424	3.6	6
Al	3	S	-2	2.05965	0.55	4.07692	6
Al	3	Sb	-3	2.63984	0.296	3.4	5
Al	3	Se	-2	2.17392	0.582	4	6.5
Al	3	Te	-2	2.38658	0.632	4	7
As	3	Cl	-1	2.06175	0.522	3	6
As	3	F	-1	1.683	0.406	3.2	5
As	3	O	-2	1.76706	0.404	3	5
As	3	Ox	-2	1.76706	0.404	3	5
As	3	S	-2	2.20841	0.54	3.12	6
As	3	Se	-2	2.34035	0.571	3.06667	6.5
As	3	Te	-2	2.48812	0.616	5.8	7
As	5	F	-1	1.60379	0.503	6	6
As	5	O	-2	1.76689	0.411	4.0219	5
As	5	Ox	-2	1.76689	0.411	4.0219	5
As	5	S	-2	2.27986	0.534	4	6.5
As	5	Se	-2	2.7179	0.565	4	7
As	5	Te	-2	2.7179	0.615	4	7.5
Au	1	O	-2	1.71819	0.441	2	5.5
Au	1	Ox	-2	1.71819	0.441	2	5.5
Au	1	S	-2	2.06404	0.342	2	4.5
Au	1	Se	-2	2.17613	0.346	2	4
Au	3	Br	-1	2.27911	0.461	4	5.5
Au	3	Cl	-1	2.14524	0.421	4	5.5
Au	3	F	-1	1.697	0.507	4	5.5
Au	3	O	-2	1.81761	0.498	4	5.5
Au	3	Ox	-2	1.81761	0.498	4	5.5
B	3	As	-3	2.09646	0.566	2	6.5
B	3	Br	-1	1.821	0.709	3.6667	6.5
B	3	Cl	-1	1.675	0.669	4	6
B	3	F	-1	1.20039	0.542	4	5
B	3	H	-1	0.98663	0.565	4	5.5
B	3	D	-1	0.98663	0.565	4	5.5
B	3	I	-1	2.007	0.77	4	7.00 ! RCN estimated
B	3	N	-3	1.45677	0.301	2.54546	4
B	3	O	-2	1.35783	0.385	3.4127	4.5
B	3	Ox	-2	1.35783	0.385	3.4127	4.5
B	3	P	-3	1.88454	0.284	2.5	5
B	3	S	-2	1.78195	0.573	3	6
B	3	Se	-2	1.9187	0.607	3	6.00 ! RCN estimated
B	3	Te	-2	2.0982	0.659	3	6.50 ! RCN estimated
Ba	2	As	-3	2.60839	0.674	6.2	8
Ba	2	Br	-1	2.46877	0.595	8.57143	7
Ba	2	Cl	-1	2.41041	0.519	9.6	6.5
Ba	2	F	-1	2.06475	0.428	11.31	6
Ba	2	H	-1	1.6245	0.641	12.33333	6
Ba	2	D	-1	1.6245	0.641	12.33333	6
Ba	2	I	-1	2.6138	0.655	8.6	7.5
Ba	2	N	-3	2.26803	0.525	6.97059	6.5
Ba	2	O	-2	2.15998	0.437	9.87	6
Ba	2	Ox	-2	2.15998	0.437	9.87	6
Ba	2	P	-3	2.56726	0.644	6.22222	7.5
Ba	2	S	-2	2.44239	0.573	8.97297	7
Ba	2	Sb	-3	2.68586	0.749	6	8.5
Ba	2	Se	-2	2.51975	0.604	8.29	7
Ba	2	Te	-2	2.68807	0.649	7.4	7
Be	2	As	-3	2.05685	0.379	3	8
Be	2	Br	-1	1.6581	0.699	4	7.00 ! RCN estimated
Be	2	Cl	-1	1.52729	0.659	4	6.5
Be	2	F	-1	1.14986	0.532	3.97059	5.5
Be	2	H	-1	0.9597	0.555	6	5.50 ! RCN estimated
Be	2	D	-1	0.9597	0.555	6	5.50 ! RCN estimated
Be	2	Hx	-1	0.89243	0.555	6	5.50 ! RCN estimated
Be	2	I	-1	1.8008	0.76	4	7.00 ! RCN estimated
Be	2	N	-3	1.31233	0.629	3	6
Be	2	O	-2	1.20903	0.541	4	5.5
Be	2	Ox	-2	1.20903	0.541	4	5.5
Be	2	S	-2	1.5784	0.677	4	6.50 ! RCN estimated
Be	2	Sb	-3	2.19208	0.479	3.5	6
Be	2	Se	-2	1.7043	0.708	4	7.00 ! RCN estimated
Be	2	Te	-2	1.8497	0.753	4	7.00 ! RCN estimated
Bi	3	Br	-1	2.46708	0.545	6	7
Bi	3	Cl	-1	2.34105	0.505	6.16667	6
Bi	3	F	-1	1.93046	0.423	7.1	5.5
Bi	3	I	-1	2.63989	0.605	6	7.5
Bi	3	O	-2	2.03677	0.414	5.96512	5.5
Bi	3	Ox	-2	2.03677	0.414	5.96512	5.5
Bi	3	S	-2	2.41824	0.523	7.25	6.5
Bi	3	Se	-2	2.54545	0.554	6.10526	7
Bi	3	Te	-2	2.82304	0.599	4.5	7
Bi	5	F	-1	1.86984	0.448	6	5.5
Bi	5	O	-2	2.04498	0.371	6	5
Bi	5	Ox	-2	2.04498	0.371	6	5
Bk	3	O	-2	2.03073	0.43	6.66667	6
Bk	3	Ox	-2	2.03073	0.43	6.66667	6
Br	5	F	-1	1.78477	0.37	6	7
Br	5	O	-2	1.85091	0.444	3	5.5
Br	5	Ox	-2	1.85091	0.444	3	5.5
Br	7	O	-2	1.83682	0.423	4	5.5
Br	7	Ox	-2	1.83682	0.423	4	5.5
C	2	F	-1	1.15907	0.407	3	6
C	2	Nx	-3	1.47705	0.504	1.0435	6.00 ! RCN estimated
C	2	N	-3	1.515	0.504	2	6.00 !dummy estimated values
C	2	I	-1	1.89	0.621	4	7.00 !dummy estimated values
C	2	O	-2	1.41368	0.415	1	5
C	2	Ox	-2	1.41368	0.415	1	5
C	4	F	-1	1.37249	0.547	3	6
C	4	N	-3	1.55787	0.529	2	6
C	4	O	-2	1.39826	0.447	3	5
C	4	Ox	-2	1.39826	0.447	3	5
C	4	S	-2	1.84354	0.579	3	6
Ca	2	As	-3	2.20571	0.713	6	8
Ca	2	Br	-1	2.1686	0.634	6.3333	7.00 ! RCN estimated
Ca	2	Cl	-1	2.06262	0.594	6	6.5
Ca	2	F	-1	1.71038	0.467	6.89474	5.5
Ca	2	H	-1	1.60656	0.49	10.2	5.5
Ca	2	D	-1	1.60656	0.49	10.2	5.5
Ca	2	I	-1	2.3242	0.695	6	7.00 ! RCN estimated
Ca	2	N	-3	1.96982	0.564	5.16667	6.5
Ca	2	O	-2	1.79519	0.476	7.544	5.5
Ca	2	Ox	-2	1.79519	0.476	7.544	5.5
Ca	2	P	-3	2.195	0.684	6	7.5
Ca	2	S	-2	2.11148	0.612	7.2	7
Ca	2	Sb	-3	2.31444	0.788	6	8
Ca	2	Se	-2	2.20285	0.643	7	7
Ca	2	Te	-2	2.3886	0.689	7	7.00 ! RCN estimated
Cd	2	As	-3	2.42462	0.4	3.77778	7.5
Cd	2	Br	-1	2.16913	0.553	5.27273	6
Cd	2	Cl	-1	2.06949	0.512	6	6
Cd	2	F	-1	1.73948	0.416	6.8125	5.5
Cd	2	I	-1	2.3244	0.613	5.44444	7
Cd	2	O	-2	1.83926	0.407	6.22	5.5
Cd	2	Ox	-2	1.83926	0.407	6.22	5.5
Cd	2	P	-3	2.35329	0.37	3.55556	7.5
Cd	2	S	-2	2.12789	0.531	4.43478	5.5
Cd	2	Se	-2	2.16209	0.561	4	6.5
Cd	2	Te	-2	2.36683	0.607	4	7
Ce	3	Cl	-1	2.41187	0.561	8	5.50 ! low precision
Ce	3	F	-1	1.92656	0.458	9.75	5.5
Ce	3	H	-1	1.66111	0.534	12	5.00 ! low precision
Ce	3	D	-1	1.66111	0.534	12	5.00 ! low precision
Ce	3	O	-2	2.03118	0.449	9.06	5.5
Ce	3	Ox	-2	2.03118	0.449	9.06	5.5
Ce	3	S	-2	2.50404	0.489	7.33333	6
Ce	3	Se	-2	2.52663	0.52	9	7
Ce	4	O	-2	2.0253	0.443	8	5.5
Ce	4	Ox	-2	2.0253	0.443	8	5.5
Cl	3	O	-2	1.72265	0.491	2	5.50 ! RCN estimated
Cl	3	Ox	-2	1.72265	0.491	2	5.50 ! RCN estimated
Cl	5	O	-2	1.69552	0.445	3	5.5
Cl	5	Ox	-2	1.69552	0.445	3	5.5
Cl	7	O	-2	1.67946	0.443	4	5
Cl	7	Ox	-2	1.67946	0.443	4	5
Co	1	O	-2	1.29501	0.621	2	5.5
Co	1	Ox	-2	1.29501	0.621	2	5.5
Co	2	Cl	-1	1.93137	0.468	4.625	5.5
Co	2	F	-1	1.51442	0.46	6	5.5
Co	2	I	-1	2.19837	0.569	4	6
Co	2	O	-2	1.59773	0.451	5.50602	5.5
Co	2	Ox	-2	1.59773	0.451	5.50602	5.5
Co	2	P	-3	1.62356	0.734	4	7.5
Co	2	S	-2	2.00051	0.487	4	5.5
Co	2	Se	-2	2.10951	0.518	4	6
Co	3	F	-1	1.56345	0.443	6	5.5
Co	3	O	-2	1.59461	0.434	6	5.5
Co	3	Ox	-2	1.59461	0.434	6	5.5
Co	4	F	-1	1.70035	0.441	6	5.50 ! RCN estimated
Co	4	O	-2	1.79444	0.441	4	5.5
Co	4	Ox	-2	1.79444	0.441	4	5.5
Cr	1	H	-1	0.81	0.586	4	5.50 ! RCN estimated
Cr	1	D	-1	0.81	0.586	4	5.50 ! RCN estimated
Cr	2	Br	-1	2.12678	0.48	6	6
Cr	2	Cl	-1	2.01499	0.439	6	5.5
Cr	2	F	-1	1.54102	0.489	5.63636	5.5
Cr	2	I	-1	2.28404	0.54	6	6.5
Cr	2	O	-2	1.59356	0.48	5.6	5.5
Cr	2	Ox	-2	1.59356	0.48	5.6	5.5
Cr	2	S	-2	1.90932	0.458	6	5.5
Cr	2	Te	-2	2.18257	0.534	6	6.5
Cr	3	Br	-1	2.13165	0.53	6	6.5
Cr	3	Cl	-1	2.0051	0.489	6	5.5
Cr	3	F	-1	1.58975	0.438	6	5.5
Cr	3	O	-2	1.66198	0.43	6	5.5
Cr	3	Ox	-2	1.66198	0.43	6	5.5
Cr	3	S	-2	2.04397	0.508	6	5.5
Cr	3	Se	-2	2.14649	0.539	6	6
Cr	3	Te	-2	2.30242	0.584	6	6.5
Cr	4	F	-1	1.64899	0.418	6	5
Cr	4	O	-2	1.76095	0.409	5.42857	5.5
Cr	4	Ox	-2	1.76095	0.409	5.42857	5.5
Cr	5	O	-2	1.76781	0.402	4	5.5
Cr	5	Ox	-2	1.76781	0.402	4	5.5
Cr	6	Br	-1	2.224	0.674	6	6.50 ! RCN estimated
Cr	6	Cl	-1	2.007	0.634	6	6.50 ! RCN estimated
Cr	6	I	-1	2.5373	0.735	6	7.00 ! RCN estimated
Cr	6	N	-3	1.96859	0.605	4	6.50 ! RCN estimated
Cr	6	O	-2	1.82471	0.476	4	5.5
Cr	6	Ox	-2	1.82471	0.476	4	5.5
Cr	6	S	-2	2.103	0.652	4	6.50 ! RCN estimated
Cr	6	Se	-2	2.3	0.683	4	7.00 ! RCN estimated
Cr	6	Te	-2	2.60858	0.729	6	8
Cs	1	As	-3	2.76428	0.619	5.29	7.5
Cs	1	Br	-1	2.50818	0.541	10.31	7
Cs	1	Cl	-1	2.46037	0.5	10.33	6.5
Cs	1	F	-1	2.15318	0.428	11.55	6
Cs	1	H	-1	2.24656	0.404	8.8	6
Cs	1	D	-1	2.24656	0.404	8.8	6
Cs	1	I	-1	2.71194	0.601	10.48	8
Cs	1	N	-3	2.43105	0.471	11	6
Cs	1	Nx	-3	2.56208	0.471	10.89474	6
Cs	1	O	-2	2.25899	0.419	11.5	6.5
Cs	1	Ox	-2	2.25899	0.419	11.5	6.5
Cs	1	P	-3	2.72981	0.59	4.94444	7
Cs	1	S	-2	2.52283	0.519	7.56	6.5
Cs	1	Sb	-3	2.91838	0.694	5.14286	8
Cs	1	Se	-2	2.64858	0.55	7.27	7
Cs	1	Te	-2	2.78226	0.595	7.5	7.5
Cu	1	Br	-1	1.8681	0.442	3.8	5.5
Cu	1	Cl	-1	1.79822	0.402	3.85714	5
Cu	1	I	-1	1.93067	0.503	3.92	6
Cu	1	O	-2	1.58729	0.341	2.48	5
Cu	1	Ox	-2	1.58729	0.341	2.48	5
Cu	1	P	-3	1.92755	0.402	3.08	6.5
Cu	1	S	-2	1.80744	0.42	3.35	5
Cu	1	Se	-2	1.89561	0.451	3.74	5.5
Cu	1	Te	-2	1.88979	0.497	4	6
Cu	2	Cl	-1	1.90175	0.47	5.61539	5.5
Cu	2	F	-1	1.4953	0.457	5.83784	5.5
Cu	2	O	-2	1.57422	0.449	5.09	5
Cu	2	Ox	-2	1.57422	0.449	5.09	5
Cu	2	S	-2	1.94997	0.488	3.88	6
Cu	2	Se	-2	2.02888	0.519	4	6
Cu	3	F	-1	1.54272	0.437	6	5.5
Cu	3	O	-2	1.70964	0.427	4	5
Cu	3	Ox	-2	1.70964	0.427	4	5
D	1	Br	-1	1.2	0.725	1.8	6.00 ! RCN estimated
D	1	Cl	-1	1.0104	0.685	1.67	5.50 ! RCN estimated
D	1	F	-1	0.70779	0.558	1.8	4.50 ! RCN estimated
D	1	N	-3	0.91281	0.54	1.2	5.00 ! dummy
D	1	I	-1	1.29	0.786	1	6.50 ! RCN estimated
D	1	O	-2	0.87141	0.457	1.4	4.00 ! RCN estimated
D	1	Ox	-2	0.87141	0.457	1.4	4.00 ! RCN estimated
D	1	S	-2	1.19164	0.591	1	5.50 ! RCN estimated
D	1	Se	-2	1.2975	0.625	1	6.00 ! RCN estimated
D	1	Te	-2	1.4039	0.678	1	6.50 ! RCN estimated
Dy	3	Cl	-1	2.2881	0.493	7	6
Dy	3	F	-1	1.85	0.435	7	5.50 ! RCN estimated
Dy	3	O	-2	1.96029	0.426	7.62069	5.5
Dy	3	Ox	-2	1.96029	0.426	7.62069	5.5
Dy	3	S	-2	2.34124	0.512	7.42857	6
Er	3	I	-1	2.5675	0.608	6	6.00 ! one env only
Er	3	Cl	-1	2.25982	0.507	6.33333	6
Er	3	F	-1	1.84663	0.421	8.125	5.5
Er	3	O	-2	1.95608	0.412	7.08108	5.5
Er	3	Ox	-2	1.95608	0.412	7.08108	5.5
Er	3	S	-2	2.32366	0.525	6.375	6
Er	3	Se	-2	2.4342	0.556	6	7
Eu	2	Br	-1	2.50011	0.465	7.33333	6
Eu	2	Cl	-1	2.41447	0.425	9	5.5
Eu	2	F	-1	1.8142	0.503	7	5.5
Eu	2	I	-1	2.66292	0.525	6.5	6.5
Eu	2	N	-3	2.1874	0.43	6.64	6.00 ! RCN estimated
Eu	2	O	-2	1.89158	0.494	10.11111	6
Eu	2	Ox	-2	1.89158	0.494	10.11111	6
Eu	2	S	-2	2.47173	0.443	7.63158	6
Eu	3	Cl	-1	2.31998	0.485	8.2	6
Eu	3	F	-1	1.87763	0.443	8	5.5
Eu	3	N	-3	2.1627	0.455	6.33	6.00 ! RCN estimated
Eu	3	O	-2	2.00469	0.434	7.62857	5.5
Eu	3	Ox	-2	2.00469	0.434	7.62857	5.5
Eu	3	S	-2	2.39179	0.503	7	6
Fe	2	Br	-1	2.09517	0.479	6	5.5
Fe	2	Cl	-1	2.00003	0.439	6	5
Fe	2	F	-1	1.50766	0.489	6	5.5
Fe	2	H	-1	1.05068	0.466	6	5.5
Fe	2	D	-1	1.05068	0.466	6	5.5
Fe	2	I	-1	2.25785	0.54	5	6
Fe	2	N	-3	1.74731	0.367	4	5.5
Fe	2	O	-2	1.57911	0.48	5.76106	5.5
Fe	2	Ox	-2	1.57911	0.48	5.76106	5.5
Fe	2	P	-3	1.71035	0.68	4	6.5
Fe	2	S	-2	2.01111	0.457	5.33333	5.5
Fe	3	Br	-1	2.13627	0.578	4	6.5
Fe	3	Cl	-1	1.98266	0.538	5.42857	6
Fe	3	F	-1	1.63674	0.411	5.98305	5
Fe	3	I	-1	2.37658	0.523	4	6
Fe	3	N	-3	1.72485	0.606	3.33333	6
Fe	3	O	-2	1.73154	0.39	5	5.00 !  1.708400 0.420000  5.727230  5.00
Fe	3	Ox	-2	1.7084	0.42	5.72723	5
Fe	4	F	-1	1.7622	0.417	6	5.50 ! RCN estimated
Fe	4	O	-2	1.76559	0.41	6	5.5
Fe	4	Ox	-2	1.76559	0.41	6	5.5
Ga	1	Cl	-1	2.32041	0.44	9	6
Ga	1	I	-1	2.38769	0.541	8	7
Ga	3	As	-3	2.41812	0.466	3.33333	6.5
Ga	3	Br	-1	2.11352	0.619	4	6.5
Ga	3	Cl	-1	1.97794	0.578	4	6.5
Ga	3	F	-1	1.56039	0.451	6	5.5
Ga	3	H	-1	1.40785	0.474	4	6
Ga	3	D	-1	1.40785	0.474	4	6
Ga	3	I	-1	2.314	0.679	4	7.00 ! RCN estimated
Ga	3	N	-3	1.76199	0.506	4	6
Ga	3	O	-2	1.71606	0.373	4.90476	5
Ga	3	Ox	-2	1.71606	0.373	4.90476	5
Ga	3	P	-3	2.31839	0.433	3.42857	6.00 ! RCN estimated
Ga	3	S	-2	2.12458	0.483	4	6
Ga	3	Sb	-3	2.64176	0.669	3	7
Ga	3	Se	-2	2.24723	0.513	4	6.5
Ga	3	Te	-2	2.44491	0.558	4	7
Gd	3	Cl	-1	2.27126	0.533	7.75	6
Gd	3	F	-1	1.90718	0.406	8.33333	5.5
Gd	3	N	-3	2.09519	0.504	6.33	6.50 ! RCN estimated
Gd	3	O	-2	1.99654	0.415	7.75325	5.5
Gd	3	Ox	-2	1.99654	0.415	7.75325	5.5
Gd	3	S	-2	2.37028	0.552	7.2	6
Ge	2	As	-3	2.38084	0.458	2	6.5
Ge	2	Br	-1	2.20061	0.531	6	6
Ge	2	Cl	-1	2.07494	0.49	5	5.5
Ge	2	I	-1	2.29129	0.591	6	7
Ge	2	N	-3	1.86122	0.461	2	6
Ge	2	P	-3	2.22777	0.58	2	6.5
Ge	2	Te	-2	2.26937	0.585	6	7
Ge	4	As	-3	2.46953	0.465	3.85714	6
Ge	4	Cl	-1	2.07619	0.61	5	6
Ge	4	F	-1	1.57864	0.484	6	5.5
Ge	4	I	-1	2.4339	0.711	4	7.5
Ge	4	N	-3	1.84758	0.469	4	6
Ge	4	O	-2	1.73939	0.396	4.28743	5
Ge	4	Ox	-2	1.73939	0.396	4.28743	5
Ge	4	P	-3	2.31384	0.552	4	6.5
Ge	4	S	-2	2.19183	0.514	4	6
Ge	4	Se	-2	2.33264	0.545	4	6
Ge	4	Te	-2	2.57461	0.593	3.66667	7
H	1	Br	-1	1.07054	0.725	1.8	6
H	1	Cl	-1	1.01044	0.685	1.67	5.5
H	1	F	-1	0.70779	0.558	1.8	4.5
H	1	N	-3	0.91281	0.54	1.2	5.00 ! dummy
H	1	I	-1	1.17777	0.786	1	6.5
H	1	O	-2	0.87045	0.457	1.4	4
H	1	Ox	-2	0.87045	0.457	1.4	4
H	1	S	-2	1.19164	0.591	1	5.5
H	1	Se	-2	1.2975	0.625	1	6.00 ! RCN estimated
H	1	Te	-2	1.4039	0.678	1	6.50 ! RCN estimated
Hf	4	Cl	-1	2.24439	0.483	6	6.5
Hf	4	F	-1	1.7752	0.469	7.25	5.5
Hf	4	I	-1	2.57677	0.584	6	7
Hf	4	O	-2	1.83361	0.478	7.10526	6
Hf	4	Ox	-2	1.83361	0.478	7.10526	6
Hf	4	S	-2	2.2355	0.615	6	7
Hf	4	Se	-2	2.37893	0.645	6	7.5
Hg	1	Cl	-1	2.17341	0.455	5	5.5
Hg	1	F	-1	1.76507	0.473	5	5.5
Hg	1	O	-2	1.8128	0.465	4.43	5.5
Hg	1	Ox	-2	1.8128	0.465	4.43	5.5
Hg	2	Br	-1	2.25444	0.495	5	6
Hg	2	Cl	-1	2.17009	0.455	5.23	5.5
Hg	2	F	-1	1.7338	0.473	6.28571	5.5
Hg	2	I	-1	2.38163	0.555	4	6
Hg	2	O	-2	1.81276	0.465	6.48	5.5
Hg	2	Ox	-2	1.81276	0.465	6.48	5.5
Hg	2	S	-2	2.20501	0.473	4.39	5.5
Hg	2	Se	-2	2.25179	0.504	4	6
Hg	2	Te	-2	2.37917	0.549	4	7
Ho	3	F	-1	1.84485	0.424	8.33333	5.5
Ho	3	O	-2	1.97099	0.415	7.37	5.5
Ho	3	Ox	-2	1.97099	0.415	7.37	5.5
Ho	3	S	-2	2.33798	0.522	6.875	6
Hx	1	Br	-1	1.15	0.725	1.8	6.00 ! RCN estimated
Hx	1	Cl	-1	0.96	0.685	1.67	5.50 ! RCN estimated
Hx	1	F	-1	0.66653	0.558	1.8	4.5
Hx	1	I	-1	1.24	0.786	1	6.50 ! RCN estimated
Hx	1	O	-2	0.7815	0.457	1.4	4.00 ! RCN estimated
Hx	1	Ox	-2	0.7815	0.457	1.4	4.00 ! RCN estimated
Hx	1	S	-2	1.09778	0.591	1	5.5
Hx	1	Se	-2	1.2128	0.625	1	6.00 ! RCN estimated
Hx	1	Te	-2	1.3171	0.678	1	6.50 ! RCN estimated
I	5	F	-1	1.85566	0.37	4.92308	7
I	5	O	-2	1.97775	0.424	3.07463	6
I	5	Ox	-2	1.97775	0.424	3.07463	6
I	7	O	-2	1.92274	0.419	5.8	5.5
I	7	Ox	-2	1.92274	0.419	5.8	5.5
In	1	Br	-1	2.46665	0.454	8.4	6
In	1	Cl	-1	2.43863	0.413	8.5	6
In	1	I	-1	2.50769	0.514	7.83333	7
In	1	Te	-2	2.47793	0.508	7.66667	6.5
In	3	As	-3	2.54328	0.553	4	6.5
In	3	Br	-1	2.28936	0.589	4.4	6.5
In	3	Cl	-1	2.13474	0.548	6	6
In	3	F	-1	1.75728	0.421	6.47059	5.5
In	3	I	-1	2.47773	0.667	4	7
In	3	N	-3	2.02341	0.416	4	6
In	3	O	-2	1.90305	0.353	6	5
In	3	Ox	-2	1.90305	0.353	6	5
In	3	P	-3	2.50966	0.446	3.83333	6
In	3	S	-2	2.30797	0.456	5.45333	6
In	3	Sb	-3	2.64391	0.634	4	7
In	3	Se	-2	2.43051	0.484	4.3	6
In	3	Te	-2	2.62278	0.534	4	6.5
Ir	3	Cl	-1	2.05823	0.402	6	5.5
Ir	4	O	-2	1.83233	0.436	6	5.5
Ir	4	Ox	-2	1.83233	0.436	6	5.5
Ir	5	O	-2	1.89791	0.479	6	6
Ir	5	Ox	-2	1.89791	0.479	6	6
K	1	As	-3	2.35805	0.674	5.26316	7.5
K	1	Br	-1	2.17206	0.595	10	7
K	1	Cl	-1	2.07673	0.555	9.03846	6.5
K	1	F	-1	1.83331	0.428	9.79808	5.5
K	1	H	-1	1.87639	0.451	9.09091	5.5
K	1	D	-1	1.87639	0.451	9.09091	5.5
K	1	I	-1	2.2888	0.655	8.44	7
K	1	N	-3	2.00089	0.525	7	6
K	1	Nx	-3	1.96628	0.525	6.47826	6
K	1	O	-2	1.94233	0.436	8.75472	6
K	1	P	-3	2.37378	0.644	5.04167	7
K	1	S	-2	2.16803	0.573	7.53	6.5
K	1	Sb	-3	2.5472	0.749	4.27	8
K	1	Se	-2	2.29712	0.604	6.55	7
K	1	Te	-2	2.41802	0.649	6.4	7
La	3	Cl	-1	2.43099	0.459	7.5	6
La	3	F	-1	1.96577	0.443	10.28571	5.5
La	3	H	-1	1.96577	0.565	12	5.00 ! Low accuracy
La	3	D	-1	1.96577	0.565	12	5.00 ! Low accuracy
La	3	O	-2	2.06392	0.451	9.27	5.5
La	3	Ox	-2	2.06392	0.451	9.27	5.5
La	3	S	-2	2.4033	0.588	7.94444	6.5
Li	1	As	-3	1.50885	0.754	4.23	7.5
Li	1	Br	-1	1.51288	0.675	5.84615	7
Li	1	Cl	-1	1.39892	0.634	5.86667	6.5
Li	1	F	-1	1.08674	0.508	5.55769	5.5
Li	1	H	-1	1.03895	0.531	7.71429	5.5
Li	1	D	-1	1.03895	0.531	7.71429	5.5
Li	1	I	-1	1.64829	0.735	5.81818	7
Li	1	N	-3	1.1543	0.637	4.15556	6
Li	1	Nx	-3	1.1235	0.605	6	6
Li	1	O	-2	1.17096	0.516	5.07292	5.5
Li	1	Ox	-2	1.17096	0.516	5.07292	5.5
Li	1	P	-3	1.47863	0.724	4.16667	7
Li	1	S	-2	1.46652	0.653	4.38462	6
Li	1	Sb	-3	1.69021	0.821	4.33333	8
Li	1	Se	-2	1.60274	0.684	4.33333	7
Li	1	Te	-2	1.71028	0.729	5.14286	7
Lu	3	Cl	-1	2.284	0.433	6	6
Lu	3	F	-1	1.80738	0.412	7	5.5
Lu	3	O	-2	1.91728	0.421	6.76596	5.5
Lu	3	Ox	-2	1.91728	0.421	6.76596	5.5
Lu	3	S	-2	2.28119	0.557	6.07692	7
Mg	2	As	-3	2.044	0.75	4.66667	8
Mg	2	Br	-1	1.89059	0.671	6	7
Mg	2	Cl	-1	1.78276	0.63	6	6.5
Mg	2	F	-1	1.40956	0.504	6	5.5
Mg	2	H	-1	1.28689	0.559	8.3	5.5
Mg	2	D	-1	1.28689	0.559	8.3	5.5
Mg	2	Hx	-1	1.27474	0.527	4.66667	5.5
Mg	2	I	-1	2.045	0.731	6	7.00 ! RCN estimated
Mg	2	N	-3	1.63521	0.601	4.14286	6
Mg	2	O	-2	1.48398	0.512	5.89655	5.5
Mg	2	Ox	-2	1.48398	0.512	5.89655	5.5
Mg	2	P	-3	2.13103	0.563	4.33333	7.5
Mg	2	S	-2	1.82372	0.649	5.55556	6.5
Mg	2	Sb	-3	2.39271	0.634	4.4	8
Mg	2	Se	-2	1.7043	0.708	4.75	7.00 ! RCN estimated
Mg	2	Te	-2	1.9497	0.68	4	7.00 ! RCN estimated
Mn	2	As	-3	2.17091	0.567	4.1	6.5
Mn	2	Br	-1	2.08984	0.528	5.77778	6
Mn	2	Cl	-1	1.99681	0.488	5.90476	6
Mn	2	F	-1	1.56491	0.474	6.12121	5.5
Mn	2	I	-1	2.26045	0.588	6	6.5
Mn	2	N	-3	1.4734	0.606	4.33333	6.5
Mn	2	O	-2	1.62758	0.481	5.94194	5.5
Mn	2	Ox	-2	1.62758	0.481	5.94194	5.5
Mn	2	S	-2	2.15468	0.406	5.30769	5.5
Mn	2	Se	-2	2.24751	0.431	4.4	5.5
Mn	2	Te	-2	2.42451	0.47	4.33333	6
Mn	3	F	-1	1.60184	0.446	6	5.5
Mn	3	O	-2	1.68993	0.437	5.86154	5.5
Mn	3	Ox	-2	1.68993	0.437	5.86154	5.5
Mn	4	Cl	-1	2.06541	0.517	6	6.5
Mn	4	F	-1	1.61606	0.41	6	5
Mn	4	O	-2	1.73272	0.402	5.92307	5
Mn	4	Ox	-2	1.73272	0.402	5.92307	5
Mn	4	S	-2	2.30057	0.536	6	6.00 ! RCN estimated
Mn	5	O	-2	1.78879	0.413	4	5.5
Mn	5	Ox	-2	1.78879	0.413	4	5.5
Mn	6	O	-2	1.82018	0.416	4	5.5
Mn	6	Ox	-2	1.82018	0.416	4	5.5
Mn	7	O	-2	1.87362	0.52	4	6.5
Mn	7	Ox	-2	1.87362	0.52	4	6.5
Mo	2	Br	-1	2.22218	0.401	5	5.5
Mo	2	Cl	-1	2.05175	0.441	5	5.5
Mo	2	I	-1	2.35705	0.461	5	6
Mo	2	S	-2	2.07169	0.422	5	5.5
Mo	3	Br	-1	2.19147	0.541	6	6
Mo	3	Cl	-1	2.08941	0.501	6	6
Mo	3	F	-1	1.73819	0.427	6	5.5
Mo	3	O	-2	1.78933	0.418	5.7	5.5
Mo	3	Ox	-2	1.78933	0.418	5.7	5.5
Mo	3	S	-2	2.06257	0.519	6	6
Mo	4	Cl	-1	2.1283	0.558	6	6.5
Mo	4	O	-2	1.7239	0.562	6	6.5
Mo	5	O	-2	1.8476	0.482	5.96	5.5
Mo	6	Br	-1	2.3037	0.663	6	6.50 ! RCN estimated
Mo	6	Cl	-1	2.0888	0.622	6	6.50 ! RCN estimated
Mo	6	I	-1	2.6191	0.723	5	7.00 ! RCN estimated
Mo	6	O	-2	1.90934	0.391	4.63	5
Mo	6	Ox	-2	1.90934	0.391	4.63	5
Mo	6	S	-2	2.187	0.641	4	6.50 ! RCN estimated
Mo	6	Se	-2	2.3824	0.672	4	6.50 ! RCN estimated
Mo	6	Te	-2	2.66	0.717	4	6.50 ! RCN estimated
N	3	N	-3	1.72555	0.537	1	6
N	3	O	-2	1.40795	0.448	2	5
N	3	Ox	-2	1.40795	0.448	2	5
N	5	F	-1	1.40717	0.55	4	6
N	5	N	-3	1.6839	0.532	2	6
N	5	O	-2	1.46267	0.45	3	5
N	5	Ox	-2	1.46267	0.45	3	5
Na	1	As	-3	1.93578	0.72	4.89	7.5
Na	1	Br	-1	1.78228	0.641	6	7
Na	1	Cl	-1	1.69489	0.601	6.61905	6.5
Na	1	F	-1	1.42885	0.474	7.14	5.5
Na	1	H	-1	1.44971	0.497	7.6	5.5
Na	1	D	-1	1.44971	0.497	7.6	5.5
Na	1	I	-1	1.94389	0.701	6	7
Na	1	N	-3	1.60725	0.571	5.2	6
Na	1	Nx	-3	1.48216	0.571	6	6
Na	1	O	-2	1.56225	0.482	5.9	6
Na	1	Ox	-2	1.56225	0.482	5.9	6
Na	1	P	-3	1.89576	0.69	4.84375	7
Na	1	S	-2	1.83142	0.619	5.76	6.5
Na	1	Sb	-3	1.98767	0.795	5.1	8
Na	1	Se	-2	1.8988	0.65	5.87	7
Na	1	Te	-2	2.03011	0.695	5.8	7
Nb	2	Te	-2	2.39087	0.448	6	6
Nb	3	O	-2	1.74581	0.501	6	6
Nb	3	Ox	-2	1.74581	0.501	6	6
Nb	4	F	-1	1.75844	0.534	6	6
Nb	4	O	-2	1.78543	0.526	6	6
Nb	4	Ox	-2	1.78543	0.526	6	6
Nb	4	S	-2	2.28012	0.412	5.75	5.5
Nb	5	As	-3	2.66476	0.64	4	7
Nb	5	Cl	-1	2.20986	0.616	6	6.5
Nb	5	F	-1	1.76034	0.489	6	5.5
Nb	5	N	-3	2.02884	0.48	4.4	6
Nb	5	O	-2	1.86588	0.498	6.04375	5.5
Nb	5	Ox	-2	1.86588	0.498	6.04375	5.5
Nb	5	S	-2	2.396306	0.64	4	7
Nd	3	F	-1	1.91099	0.437	10	5.5
Nd	3	O	-2	2.02425	0.428	8.21	5.5
Nd	3	Ox	-2	2.02425	0.428	8.21	5.5
Nd	3	S	-2	2.44624	0.51	7.7	6
Nh	1	Br	-1	2.2328	0.601	9.69231	6.5
Nh	1	Cl	-1	2.15362	0.561	9.42	6.5
Nh	1	F	-1	1.97933	0.434	10.1	5.5
Nh	1	I	-1	2.40576	0.661	6.90909	7
Nh	1	O	-2	2.0338	0.442	9.59	6
Nh	1	Ox	-2	2.0338	0.442	9.59	6
Nh	1	S	-2	2.24264	0.579	8.18	7
Nh	1	Se	-2	2.348	0.61	8	7.00 ! RCN estimated
Nh	1	Te	-2	2.481	0.655	7.5	7.50 ! RCN estimated
Ni	2	Br	-1	1.96729	0.516	6	6
Ni	2	Cl	-1	1.87666	0.476	6	5.5
Ni	2	F	-1	1.49625	0.452	6	5
Ni	2	O	-2	1.55919	0.443	5.93333	5.5
Ni	2	Ox	-2	1.55919	0.443	5.93333	5.5
Ni	2	P	-3	2.0689	0.323	4	6.5
Ni	2	S	-2	1.85695	0.494	4.7	5.5
Ni	2	Se	-2	1.89863	0.525	5.25	6
Ni	2	Te	-2	2.11175	0.571	4	6.5
Ni	3	F	-1	1.56869	0.423	6	5
Ni	3	O	-2	1.64888	0.414	6	5.5
Ni	3	Ox	-2	1.64888	0.414	6	5.5
Ni	3	S	-2	1.9212	0.523	5	5.5
Ni	4	F	-1	1.61453	0.411	6	5.5
Ni	4	O	-2	1.72159	0.402	6	5
Ni	4	Ox	-2	1.72159	0.402	6	5
Np	4	O	-2	1.94581	0.531	7.33333	6
Np	4	Ox	-2	1.94581	0.531	7.33333	6
Np	5	O	-2	2.03035	0.431	7	5.5
Np	5	Ox	-2	2.03035	0.431	7	5.5
Np	6	O	-2	2.01571	0.5	7	6
Np	6	Ox	-2	2.01571	0.5	7	6
Os	4	Br	-1	2.30615	0.461	6	6
Os	4	Cl	-1	2.15572	0.421	6	6
Os	4	O	-2	1.75302	0.498	6	6
Os	4	Ox	-2	1.75302	0.498	6	6
Os	5	F	-1	1.75815	0.488	6	6
Os	6	O	-2	1.93192	0.463	6	5.5
Os	6	Ox	-2	1.93192	0.463	6	5.5
Os	7	O	-2	1.95775	0.479	6	5.5
Os	7	Ox	-2	1.95775	0.479	6	5.5
Os	8	O	-2	1.97261	0.512	5.4	6
Os	8	Ox	-2	1.97261	0.512	5.4	6
P	3	O	-2	1.51525	0.402	3	4.5
P	3	Ox	-2	1.51525	0.402	3	4.5
P	3	S	-2	1.96089	0.536	3	6
P	4	S	-2	2.14917	0.566	3	6
P	5	Br	-1	2.2105	0.703	4	7.00 ! RCN estimated
P	5	Cl	-1	2.01093	0.662	4	7
P	5	F	-1	1.4761	0.535	6	7
P	5	I	-1	2.49792	0.763	4	7.5
P	5	N	-3	1.73267	0.517	4	6
P	5	O	-2	1.62038	0.437	4	5
P	5	Ox	-2	1.62038	0.437	4	5
P	5	S	-2	2.14917	0.566	4	6
P	5	Se	-2	2.32076	0.6	4	7
P	5	Te	-2	2.58	0.651	4	7.50 ! RCN estimated
Pb	2	Br	-1	2.4316	0.515	7.43	6
Pb	2	Cl	-1	2.34641	0.474	7.33	5.5
Pb	2	F	-1	1.90916	0.453	9.18	6
Pb	2	I	-1	2.56725	0.575	6	7
Pb	2	N	-3	2.09882	0.445	5	6
Pb	2	O	-2	2.01917	0.433	7.51	5.5
Pb	2	Ox	-2	2.01917	0.433	7.51	5.5
Pb	2	S	-2	2.38758	0.493	7.43	6
Pb	2	Se	-2	2.46755	0.524	7.14	6.5
Pb	4	F	-1	1.93428	0.424	6	5.5
Pb	4	O	-2	2.03293	0.354	5.7037	5
Pb	4	Ox	-2	2.03293	0.354	5.7037	5
Pd	1	As	-3	1.81966	0.532	3.6	6.5
Pd	2	As	-3	2.04108	0.639	4	7
Pd	2	Br	-1	2.10183	0.462	4	5.5
Pd	2	Cl	-1	1.99818	0.421	4	5
Pd	2	F	-1	1.56885	0.506	5.17241	5.5
Pd	2	O	-2	1.62359	0.498	4	5.5
Pd	2	Ox	-2	1.62359	0.498	4	5.5
Pd	2	P	-3	1.95285	0.641	4	7
Pd	2	S	-2	2.02559	0.439	4	5.5
Pd	2	Se	-2	2.13444	0.471	4	6
Pd	4	Cl	-1	2.12662	0.47	6	6
Pd	4	F	-1	1.68582	0.457	6	5.5
Pd	4	O	-2	1.805	0.449	5.33333	5.5
Pd	4	Ox	-2	1.805	0.449	5.33333	5.5
Pd	4	Se	-2	2.31115	0.52	6	6.5
Pr	3	Cl	-1	2.48619	0.387	7.4	5.5
Pr	3	F	-1	1.91752	0.448	9	5.5
Pr	3	O	-2	2.03652	0.439	8.83	5.5
Pr	3	Ox	-2	2.03652	0.439	8.83	5.5
Pr	3	S	-2	2.46496	0.499	7.75	6
Pr	3	Se	-2	2.52676	0.529	7.66667	7
Pt	2	Cl	-1	1.97699	0.456	4	5.5
Pt	2	O	-2	1.65767	0.463	4	5.5
Pt	2	Ox	-2	1.65767	0.463	4	5.5
Pt	2	S	-2	2.0245	0.438	4	5.5
Pt	2	Se	-2	2.16525	0.407	4	6
Pt	3	O	-2	1.66559	0.546	5	5.5
Pt	4	Cl	-1	2.1411	0.44	6	6
Pt	4	F	-1	1.69089	0.488	6	5.5
Pt	4	O	-2	1.82198	0.479	6	5.5
Pt	4	Ox	-2	1.82198	0.479	6	5.5
Pt	4	S	-2	2.19999	0.458	6	6
Pt	4	Se	-2	2.30943	0.489	6	6
Pt	5	F	-1	1.78573	0.424	6	5.5
Pu	3	Cl	-1	2.27686	0.548	7.66667	7
Pu	4	O	-2	2.07938	0.363	7.33333	5.5
Pu	4	Ox	-2	2.07938	0.363	7.33333	5.5
Rb	1	As	-3	2.54429	0.65	5.27273	7.5
Rb	1	Br	-1	2.34362	0.572	9.77419	7
Rb	1	Cl	-1	2.26585	0.531	9.73	6.5
Rb	1	F	-1	1.99137	0.404	10.46667	5.5
Rb	1	H	-1	2.05082	0.428	8.8	5.5
Rb	1	D	-1	2.05082	0.428	8.8	5.5
Rb	1	I	-1	2.46445	0.632	9	7
Rb	1	N	-3	2.19221	0.501	8.41667	6
Rb	1	Nx	-3	2.14988	0.501	6.30769	6
Rb	1	O	-2	2.08597	0.413	9.77	6.5
Rb	1	Ox	-2	2.08597	0.413	9.77	6.5
Rb	1	P	-3	2.52921	0.621	5.4	7
Rb	1	S	-2	2.30817	0.55	6.48276	6.5
Rb	1	Se	-2	2.40364	0.58	7.31579	7
Rb	1	Sb	-3	2.69408	0.725	5	8
Rb	1	Te	-2	2.43463	0.626	9.67	7.5
Re	3	Br	-1	2.30419	0.422	4.75	5.5
Re	3	Cl	-1	2.15781	0.42	5	5.5
Re	3	S	-2	2.2071	0.401	5	6
Re	4	Cl	-1	2.18513	0.412	6	5.5
Re	4	O	-2	1.78237	0.507	6	6
Re	4	Ox	-2	1.78237	0.507	6	6
Re	5	O	-2	1.82664	0.479	6	6
Re	5	Ox	-2	1.82664	0.479	6	6
Re	6	O	-2	1.91007	0.498	5.5	6
Re	6	Ox	-2	1.91007	0.498	5.5	6
Re	7	O	-2	1.97792	0.508	4.09756	6
Re	7	Ox	-2	1.97792	0.508	4.09756	6
Rh	3	Cl	-1	2.03722	0.44	6	5
Rh	3	F	-1	1.63692	0.488	6	5.5
Rh	3	O	-2	1.67013	0.478	6	5.5
Rh	3	Ox	-2	1.67013	0.478	6	5.5
Rh	4	F	-1	1.68686	0.406	6	5.5
Rh	4	O	-2	1.77675	0.403	6	5.5
Rh	4	Ox	-2	1.77675	0.403	6	5.5
Ru	3	Cl	-1	1.9952	0.489	6	5.5
Ru	3	O	-2	1.72066	0.43	6	5.5
Ru	3	Ox	-2	1.72066	0.43	6	5.5
Ru	4	O	-2	1.79363	0.449	6	5.5
Ru	4	Ox	-2	1.79363	0.449	6	5.5
Ru	5	F	-1	1.77634	0.445	6	5.5
Ru	5	O	-2	1.87442	0.436	6	5.5
Ru	5	Ox	-2	1.87442	0.436	6	5.5
Ru	6	O	-2	1.92579	0.425	4.5	5.5
Ru	6	Ox	-2	1.92579	0.425	4.5	5.5
S	2	O	-2	1.66916	0.545	3	7.00 ! RCN estimated
S	2	Ox	-2	1.66916	0.545	3	7.00 ! RCN estimated
S	3	N	-3	1.77006	0.432	2	6
S	4	Cl	-1	2.05269	0.545	3	6.5
S	4	N	-3	1.81079	0.515	2	6
S	4	O	-2	1.64282	0.427	3	5.5
S	4	Ox	-2	1.64282	0.427	3	5.5
S	6	F	-1	1.55	0.441	6	5
S	6	O	-2	1.6422	0.441	4	5
S	6	Ox	-2	1.6422	0.441	4	5
S	6	S	-2	2.2	0.571	4	5.50 ! RCN estimated
Sb	3	Br	-1	2.38165	0.537	4.75	7
Sb	3	Cl	-1	2.30831	0.496	4.6	6
Sb	3	F	-1	1.83448	0.431	4.72	5.5
Sb	3	I	-1	2.59905	0.597	6	7.5
Sb	3	O	-2	1.92036	0.423	4.54	5
Sb	3	Ox	-2	1.92036	0.423	4.54	5
Sb	3	S	-2	2.36947	0.515	4.87	6
Sb	3	Se	-2	2.47586	0.546	5.29	6.5
Sb	3	Te	-2	2.73139	0.591	4	7
Sb	5	Cl	-1	2.2232	0.616	6	6.5
Sb	5	F	-1	1.76603	0.489	6	6
Sb	5	O	-2	1.89768	0.4	6	5.5
Sb	5	Ox	-2	1.89768	0.4	6	5.5
Sb	5	S	-2	2.44254	0.52	4	6
Sb	5	Se	-2	2.58978	0.551	4	7
Sb	5	Te	-2	2.5819	0.599	4	7.50 ! RCN estimated
Sc	3	Cl	-1	2.11329	0.612	6	6.5
Sc	3	F	-1	1.65325	0.485	6.16667	6
Sc	3	O	-2	1.7322	0.494	6.2549	5.5
Sc	3	Ox	-2	1.7322	0.494	6.2549	5.5
Sc	3	S	-2	2.0945	0.631	6.04762	7
Se	4	Br	-1	2.32723	0.585	6	7
Se	4	Cl	-1	2.15849	0.545	6	6.5
Se	4	O	-2	1.80095	0.427	3	5.5
Se	4	Ox	-2	1.80095	0.427	3	5.5
Se	6	O	-2	1.79866	0.416	4	5.5
Se	6	Ox	-2	1.79866	0.416	4	5.5
Si	2	I	-1	2.32277	0.578	2	6.5
Si	4	As	-3	2.38772	0.34	3.66667	6
Si	4	F	-1	1.45654	0.529	6	5.5
Si	4	N	-3	1.71197	0.455	4	6
Si	4	O	-2	1.60817	0.432	4.1	5
Si	4	Ox	-2	1.60817	0.432	4.1	5
Si	4	P	-3	2.25666	0.404	4	6.5
Si	4	S	-2	2.09975	0.56	4	6.5
Si	4	Se	-2	2.23551	0.593	4	6.50 ! RCN estimated
Sm	3	F	-1	1.88844	0.441	8.42857	5.5
Sm	3	O	-2	2.01168	0.433	7.80952	5.5
Sm	3	Ox	-2	2.01168	0.433	7.80952	5.5
Sm	3	S	-2	2.4146	0.505	7.66667	6
Sm	3	Te	-2	2.71979	0.581	6	7
Sn	2	As	-3	2.3837	0.695	3	7
Sn	2	Br	-1	2.37369	0.501	7	6
Sn	2	Cl	-1	2.28757	0.461	5.8	5.5
Sn	2	F	-1	1.80141	0.467	7.448	6.00 ! RCN estimated
Sn	2	I	-1	2.54376	0.562	6.3	7
Sn	2	O	-2	1.87499	0.458	3.68	5.5
Sn	2	Ox	-2	1.87499	0.458	3.68	5.5
Sn	2	P	-3	2.29969	0.55	3	6.5
Sn	2	S	-2	2.32497	0.479	5.6	6
Sn	2	Sb	-3	2.5878	0.655	3	7
Sn	4	As	-3	2.58158	0.522	4	6.5
Sn	4	Cl	-1	2.17643	0.588	5.88889	6.5
Sn	4	F	-1	1.75558	0.461	6	5.5
Sn	4	N	-3	1.99361	0.449	6	6
Sn	4	O	-2	1.89019	0.379	6.06897	5
Sn	4	Ox	-2	1.89019	0.379	6.06897	5
Sn	4	P	-3	2.53739	0.523	4	6.5
Sn	4	S	-2	2.36256	0.492	5	6
Sn	4	Se	-2	2.50725	0.522	4.10526	6
Sn	4	Te	-2	2.73112	0.568	4	7
Sr	2	As	-3	2.51248	0.568	6.44444	8
Sr	2	Br	-1	2.29914	0.614	8.3333	7.00 ! RCN estimated
Sr	2	Cl	-1	2.20197	0.573	7	6.5
Sr	2	F	-1	1.86817	0.446	8.83	5.5
Sr	2	H	-1	1.81275	0.47	11.75	6
Sr	2	D	-1	1.81275	0.47	11.75	6
Sr	2	I	-1	2.46695	0.674	7.5	7.50 ! RCN estimated
Sr	2	N	-3	2.09477	0.544	6.42857	6.5
Sr	2	O	-2	1.95311	0.455	9.2	5.5
Sr	2	Ox	-2	1.95311	0.455	9.2	5.5
Sr	2	P	-3	2.37838	0.663	6.125	7.5
Sr	2	S	-2	2.26765	0.591	8.14815	7
Sr	2	Sb	-3	2.78795	0.518	7	8
Sr	2	Se	-2	2.36718	0.622	8	7
Sr	2	Te	-2	2.5405	0.668	7.5	7.00 ! RCN estimated
Ta	2	Te	-2	2.20689	0.593	5.25	6
Ta	3	F	-1	1.52314	0.555	6	6
Ta	4	O	-2	1.75632	0.546	5.5	6
Ta	4	Ox	-2	1.75632	0.546	5.5	6
Ta	4	S	-2	2.28935	0.41	5.66667	5.5
Ta	4	Se	-2	2.36128	0.422	6	6
Ta	5	Cl	-1	2.21442	0.604	6	6.5
Ta	5	F	-1	1.79011	0.477	6.4	5.5
Ta	5	N	-3	2.04124	0.39	4.66667	6
Ta	5	O	-2	1.86816	0.486	6.08989	5.5
Ta	5	Ox	-2	1.86816	0.486	6.08989	5.5
Ta	5	S	-2	2.24739	0.622	7.16667	6.5
Ta	5	Se	-2	2.51263	0.654	4	7
Ta	5	Te	-2	2.71824	0.699	4	7
Tb	3	Cl	-1	2.29526	0.486	8.5	6
Tb	3	F	-1	1.84041	0.442	8.66667	5.5
Tb	3	O	-2	1.95675	0.433	7.83333	5.5
Tb	3	Ox	-2	1.95675	0.433	7.83333	5.5
Tb	3	S	-2	2.36384	0.505	7.6	6
Tb	4	O	-2	1.96244	0.494	6	6
Tb	4	Ox	-2	1.96244	0.494	6	6
Tc	4	Cl	-1	2.15861	0.47	6	6
Tc	7	O	-2	1.96428	0.514	4	6
Tc	7	Ox	-2	1.96428	0.514	4	6
Te	2	O	-2	1.39168	0.612	2	6.5
Te	2	Ox	-2	1.39168	0.612	2	6.5
Te	4	Br	-1	2.46108	0.559	6	7
Te	4	Cl	-1	2.30563	0.518	5.9	6.5
Te	4	I	-1	2.67675	0.619	6	7.5
Te	4	O	-2	1.9529	0.401	3.54	5.5
Te	4	Ox	-2	1.9529	0.401	3.54	5.5
Te	6	O	-2	1.91343	0.412	6	5.5
Te	6	Ox	-2	1.91343	0.412	6	5.5
Th	4	F	-1	1.97374	0.477	8.94444	6
Th	4	O	-2	2.04895	0.486	8.85294	6
Th	4	Ox	-2	2.04895	0.486	8.85294	6
Th	4	S	-2	2.52909	0.5	8.66667	6.5
Th	4	Se	-2	2.5485	0.611	9	7.50 ! RCN estimated
Ti	2	Br	-1	2.15487	0.47	6	6
Ti	2	Cl	-1	2.03427	0.429	5.66667	5.5
Ti	3	Cl	-1	2.12747	0.459	6	6
Ti	3	F	-1	1.63066	0.468	6	5.5
Ti	3	O	-2	1.69766	0.46	6	5.5
Ti	3	Ox	-2	1.69766	0.46	6	5.5
Ti	3	S	-2	2.11813	0.478	6	6
Ti	4	As	-3	2.43821	0.77	4	7.5
Ti	4	Cl	-1	2.12577	0.507	6	6
Ti	4	F	-1	1.6617	0.449	6	5.5
Ti	4	H	-1	1.5689	0.469	6	5.50 ! Low accuracy
Ti	4	D	-1	1.5689	0.469	6	5.50 ! Low accuracy
Ti	4	O	-2	1.72394	0.503	5.98844	5.5
Ti	4	Ox	-2	1.72394	0.503	5.98844	5.5
Ti	4	P	-3	2.37492	0.67	4	6.5
Ti	4	S	-2	2.17452	0.64	5	7
Ti	4	Te	-2	2.41793	0.716	6	7.5
Tl	1	Br	-1	2.42772	0.477	8.2	6
Tl	1	Cl	-1	2.36792	0.436	8.375	6
Tl	1	F	-1	1.82737	0.491	9.625	6
Tl	1	I	-1	2.48689	0.537	8.06667	7
Tl	1	O	-2	1.89024	0.483	7.96923	6
Tl	1	Ox	-2	1.89024	0.483	7.96923	6
Tl	1	S	-2	2.3826	0.455	7.18	6
Tl	1	Sb	-3	2.40523	0.63	6.4	7.00 ! RCN estimated
Tl	1	Se	-2	2.39935	0.486	7.80645	6
Tl	1	Te	-2	2.50518	0.531	6.38	6
Tl	3	Br	-1	2.35992	0.555	4.5	6
Tl	3	Cl	-1	2.22567	0.514	5.77778	6
Tl	3	F	-1	1.85683	0.413	7	5.5
Tl	3	O	-2	2.06344	0.338	4.72222	5
Tl	3	Ox	-2	2.06344	0.338	4.72222	5
Tm	3	F	-1	1.81795	0.43	8	5.50 ! RCN estimated
Tm	3	O	-2	1.94901	0.421	6.79412	5.5
Tm	3	Ox	-2	1.94901	0.421	6.79412	5.5
Tm	3	S	-2	2.3107	0.516	6.3125	6
U	3	Cl	-1	2.38383	0.494	7.25	7
U	3	S	-2	2.26406	0.6	7.66667	7
U	4	Cl	-1	2.38148	0.535	7.33333	7
U	4	O	-2	2.04778	0.428	7.4	6
U	4	Ox	-2	2.04778	0.428	7.4	6
U	4	S	-2	2.45117	0.523	7.66667	7
U	4	Se	-2	2.44303	0.666	8.33333	7.5
U	5	Cl	-1	2.39076	0.55	6	7
U	5	O	-2	2.01142	0.494	6.54545	6
U	5	Ox	-2	2.01142	0.494	6.54545	6
U	6	Cl	-1	2.3859	0.66	6	7
U	6	O	-2	2.02317	0.527	7	6
U	6	Ox	-2	2.02317	0.527	7	6
V	2	Br	-1	2.10218	0.483	6	6
V	2	Cl	-1	2.03267	0.442	6	5.5
V	2	F	-1	1.53303	0.485	6	5.5
V	2	O	-2	1.59976	0.477	6	5.5
V	2	Ox	-2	1.59976	0.477	6	5.5
V	2	S	-2	1.89815	0.461	6	6
V	3	Cl	-1	2.06334	0.48	6	5.5
V	3	F	-1	1.61581	0.448	6	5.5
V	3	O	-2	1.67799	0.439	6	5.5
V	3	Ox	-2	1.67799	0.439	6	5.5
V	3	S	-2	2.02622	0.499	5.92	6.5
V	3	Se	-2	2.13686	0.53	6	6.5
V	4	F	-1	1.65629	0.43	6	5.00 ! RCN estimated
V	4	O	-2	1.74932	0.426	5.72619	5
V	4	Ox	-2	1.74932	0.426	5.72619	5
V	4	S	-2	2.16759	0.512	6	6.5
V	5	O	-2	1.79445	0.51	4.15	5.5
V	5	Ox	-2	1.79445	0.51	4.15	5.5
V	5	S	-2	2.29252	0.647	4	7
W	2	Br	-1	1.95717	0.647	5	7
W	3	Cl	-1	2.12237	0.428	5.66667	5
W	4	Br	-1	2.3517	0.439	6	6.5
W	4	O	-2	1.74558	0.52	6	6
W	4	Ox	-2	1.74558	0.52	6	6
W	4	S	-2	2.22267	0.417	6	6
W	5	Cl	-1	2.24489	0.42	6	6
W	5	O	-2	1.81975	0.498	6	6
W	5	Ox	-2	1.81975	0.498	6	6
W	6	Cl	-1	2.21497	0.617	6	7
W	6	O	-2	1.90641	0.401	5.68831	5
W	6	Ox	-2	1.90641	0.401	5.68831	5
Xe	2	F	-1	1.77407	0.569	2	6.5
Xe	4	F	-1	1.85567	0.529	4.14	6.5
Xe	6	F	-1	1.86157	0.431	5.46154	6
Y	3	Br	-1	2.40922	0.522	6	6.5
Y	3	Cl	-1	2.28867	0.483	6.4	6.5
Y	3	F	-1	1.89262	0.379	7.52941	5.5
Y	3	N	-3	1.94327	0.62	6	6.5
Y	3	O	-2	1.90384	0.478	7.28462	5.5
Y	3	Ox	-2	1.90384	0.478	7.28462	5.5
Y	3	S	-2	2.25923	0.615	6.41667	7
Yb	2	Cl	-1	2.29464	0.409	6.5	5.5
Yb	2	H	-1	1.57946	0.496	10	6
Yb	2	D	-1	1.57946	0.496	10	6
Yb	2	O	-2	1.63254	0.51	7	5.5
Yb	2	Ox	-2	1.63254	0.51	7	5.5
Yb	2	S	-2	2.40079	0.427	7.75	6
Yb	2	Se	-2	2.44047	0.458	6	7
Yb	3	F	-1	1.80974	0.435	7.5	5.5
Yb	3	O	-2	1.92872	0.426	6.86	5.5
Yb	3	Ox	-2	1.92872	0.426	6.86	5.5
Yb	3	S	-2	2.31245	0.511	6.125	6
Yb	3	Se	-2	2.42113	0.542	6	7
Zn	2	As	-3	1.8475	0.77	4.14286	7.5
Zn	2	Br	-1	1.98741	0.562	4	6
Zn	2	Cl	-1	1.88195	0.521	4	6
Zn	2	F	-1	1.57447	0.406	5.76923	5
Zn	2	I	-1	2.1528	0.622	4	6.5
Zn	2	O	-2	1.65344	0.403	4.71839	5
Zn	2	Ox	-2	1.65344	0.403	4.71839	5
Zn	2	P	-3	2.15297	0.44	3.76923	7
Zn	2	S	-2	1.94373	0.54	4.17391	6
Zn	2	Se	-2	2.00075	0.571	4	6
Zn	2	Te	-2	2.15126	0.616	4	7
Zr	2	Cl	-1	2.12072	0.478	5	6
Zr	2	H	-1	1.19798	0.582	8.14	6
Zr	2	D	-1	1.19798	0.582	8.14	6
Zr	2	I	-1	2.49296	0.424	6	5.5
Zr	3	I	-1	2.56625	0.472	6	6
Zr	4	Br	-1	2.32815	0.648	6	7
Zr	4	Cl	-1	2.18437	0.608	6	6.5
Zr	4	F	-1	1.83174	0.388	7.08333	5.5
Zr	4	N	-3	2.01042	0.57	5.5	6.5
Zr	4	O	-2	1.84505	0.49	6.76471	5.5
Zr	4	Ox	-2	1.84505	0.49	6.76471	5.5
Zr	4	S	-2	2.26265	0.626	6.33333	7
Sb	5	I	-1	2.59905	0.597	6	7.50 ! Low accuracy
Si	4	I	-1	2.32277	0.578	2	6.50 ! Low accuracy
